4294967279,97
4294967279,96
4294967279,95
4294967279,94
4294967279,105
4294967279,104
4294967279,103
4294967279,102
4294967279,101
4294967279,100
4294967279,99
4294967279,98
4294967278,284
4294967279,292
4294967294,15
4294967294,14
4294967294,20
4294967294,13
4294967294,169
4294967278,167
4294967294,180
4294967278,166
4294967278,165
4294967278,164
4294967294,81
4294967294,11
4294967279,114
4294967279,113
4294967279,112
4294967279,111
4294967279,110
4294967279,109
4294967279,108
4294967279,107
4294967279,106
4294967294,392
4294967294,388
4294967278,162
6,5
6,4
4294967278,161
6,3
6,2
6,1
4294967278,283
4294967294,394
4294967294,396
4294967294,409
4294967294,187
4294967294,186
4294967294,399
4294967294,407
4294967294,178
4294967294,385
4294967294,391
4294967294,416
4294967294,112
4294967294,110
4294967294,408
4294967278,160
4294967279,122
4294967279,121
4294967279,120
4294967279,119
4294967279,118
4294967279,117
4294967279,116
4294967279,115
4294967279,291
4294967278,282
4294967278,13
4294967278,12
4294967278,11
4294967278,10
4294967278,9
4294967278,8
4294967278,7
4294967278,6
4294967278,5
4294967278,4
4294967279,132
4294967279,131
4294967279,130
4294967279,129
4294967279,128
4294967279,127
4294967279,126
4294967279,125
4294967279,124
4294967279,123
4294967278,281
4294967278,154
5,6
5,5
4294967278,153
5,4
5,3
5,2
5,1
4294967279,290
4294967278,152
4294967294,415
4294967278,151
4,4
4294967278,150
4,3
4,2
4,1
4294967278,280
4294967294,9
4294967294,389
4294967294,429
4294967294,89
4294967278,149
4294967278,36
4294967278,35
4294967278,34
4294967278,33
4294967278,32
4294967278,30
4294967278,29
4294967278,28
4294967278,27
4294967278,26
4294967278,25
4294967278,24
4294967278,23
4294967278,22
4294967278,21
4294967278,20
4294967278,19
4294967278,18
4294967278,17
4294967278,16
4294967278,15
4294967278,14
4294967279,19
4294967279,17
4294967279,14
4294967279,289
4294967279,288
4294967278,147
4294967278,146
3,5
4294967278,145
3,4
3,3
3,2
3,1
4294967279,287
4294967278,144
4294967294,38
4294967294,37
4294967294,40
4294967294,222
4294967294,216
4294967278,279
4294967278,31
4294967294,94
4294967294,93
4294967294,96
4294967278,141
2,4
2,3
2,2
2,1
4294967279,286
4294967278,140
4294967294,8
0,7
4294967294,439
4294967294,45
4294967294,44
4294967294,53
4294967294,413
4294967294,92
4294967294,91
4294967294,90
4294967294,88
4294967294,87
4294967294,86
4294967294,85
4294967294,84
4294967294,69
4294967294,30
4294967294,160
4294967294,164
4294967294,193
4294967294,97
4294967294,189
4294967294,61
4294967294,36
4294967294,39
4294967294,386
4294967294,165
4294967294,113
4294967294,167
4294967294,177
0,5
4294967279,133
4294967279,285
4294967279,21
4294967279,273
4294967279,272
4294967294,456
4294967279,271
4294967279,270
4294967279,284
4294967279,16
4294967294,457
4294967279,268
4294967279,267
4294967278,278
4294967278,260
4294967278,0
4294967294,584
4294967294,425
4294967294,43
4294967294,417
4294967294,51
4294967294,454
4294967279,266
4294967294,42
4294967294,455
4294967279,265
4294967279,0
4294967279,263
4294967294,7
4294967294,6
4294967279,262
4294967294,95
4294967294,161
4294967294,126
4294967294,12
4294967294,127
4294967294,18
4294967294,175
4294967294,183
4294967294,185
4294967294,182
4294967294,176
4294967294,173
4294967294,170
4294967294,267
4294967294,263
4294967294,163
4294967294,190
4294967294,264
4294967294,46
4294967294,76
4294967294,115
4294967294,387
4294967294,116
4294967294,168
4294967294,162
4294967294,82
4294967294,106
4294967294,166
4294967294,24
4294967294,184
4294967294,384
4294967294,188
4294967294,22
4294967294,17
4294967294,67
4294967294,99
4294967294,41
4294967294,120
4294967294,52
4294967294,451
4294967294,422
